
---------3-(0, 0)------------
[0, 8, 3, 131, 2, 22, 24, 16, 258, 1, 0, 37, 64, 91, 23, 17, 8, 101, 585, 9, 33, 0, 187, 108, 37, 201, 3, 37, 297, 1, 396, 1, 1, 44, 886, 148, 56, 9, 450, 287, 234, 9, 37, 17, 60, 108, 18, 36, 8, 30]
[18, 8, 3, 131, 28, 347, 24, 16, 258, 1, 60, 37, 64, 91, 30, 17, 8, 101, 585, 9, 33, 0, 1760, 469, 37, 201, 842, 332, 297, 1, 17, 1, 1963, 225, 886, 148, 56, 9, 181, 287, 402, 606, 37, 17, 60, 108, 2756, 36, 8, 30]
---------3-(1, 1)------------
[3, 0, 115, 0, 8, 140, 16, 33, 9, 80, 2, 2, 0, 104, 2132, 9, 22, 37, 21, 86, 337, 36, 86, 16, 27, 0, 288, 243, 15, 129, 13, 22, 37, 45, 1, 123, 101, 101, 7, 259, 5053, 1, 1, 291, 329, 16, 18, 121, 18, 12]
[141, 0, 115, 1229, 8, 1263, 51, 33, 66, 80, 800, 2, 0, 690, 2132, 9, 22, 145, 21, 86, 91, 36, 86, 690, 2030, 97, 288, 555, 3006, 227, 14, 22, 248, 45, 66, 123, 101, 101, 7, 259, 5053, 1, 8, 116, 329, 36, 18, 121, 0, 12]
---------3-(2, 2)------------
[1, 6, 24, 2064, 10, 14, 107, 0, 3, 5, 1812, 108, 140, 1, 3, 1, 11, 1, 117, 66, 18, 22, 96, 500, 409, 1, 22, 3, 2, 117, 17, 187, 101, 748, 22, 16, 0, 61, 33, 285, 12, 1, 32, 2272, 7, 6, 285, 8, 0, 35]
[1, 24, 24, 2064, 1583, 14, 945, 1208, 3406, 1886, 1812, 108, 140, 63, 225, 5524, 23, 1, 1585, 2949, 135, 22, 96, 500, 409, 1, 461, 217, 2, 342, 17, 1269, 101, 16, 22, 16, 311, 61, 77, 285, 12, 8, 2333, 2272, 7, 161, 2234, 8, 8, 279]
---------3-(3, 3)------------
[6, 12, 10, 0, 0, 258, 114, 1433, 29, 16, 2170, 12, 178, 8, 16, 12, 2, 12, 0, 214, 4249, 5, 37, 91, 200, 11, 12, 9, 10, 2, 1, 140, 66, 67, 91, 7, 16, 145, 284, 12, 5, 82, 5, 57, 136, 6, 33, 189, 22, 4296]
[145, 70, 10, 0, 1891, 258, 114, 1293, 29, 16, 2170, 419, 178, 8, 51, 145, 2, 12, 0, 1165, 4249, 1, 1730, 337, 200, 178, 1363, 1321, 10, 2, 20, 1000, 2326, 67, 337, 569, 16, 145, 284, 12, 5155, 82, 18, 375, 136, 178, 619, 189, 22, 4296]
---------3-(4, 4)------------
[36, 43, 0, 16, 6, 1, 12, 36, 98, 56, 6, 0, 51, 59, 49, 6, 821, 285, 1, 5, 69, 72, 92, 562, 39, 1181, 18, 36, 155, 27, 10, 9, 5, 94, 12, 8, 1181, 1, 88, 2, 834, 1, 32, 9, 45, 10, 9, 265, 9, 394]
[36, 6047, 3992, 581, 116, 1, 828, 36, 98, 56, 10, 0, 51, 6, 49, 6, 285, 4754, 24, 130, 69, 72, 92, 562, 1548, 1181, 18, 609, 155, 244, 10, 90, 5, 2060, 129, 8, 1181, 39, 88, 1298, 834, 663, 32, 413, 45, 10, 9, 265, 9, 272]
---------3-(5, 5)------------
[888, 1087, 10, 31, 12, 204, 579, 82, 99, 12, 104, 252, 5, 8, 10, 20, 234, 81, 34, 67, 0, 15, 20, 86, 5, 114, 0, 1, 14, 55, 5, 15, 12, 20, 1, 155, 20, 20, 44, 161, 396, 17, 164, 85, 3, 155, 0, 58, 0, 61]
[888, 1087, 10, 31, 1867, 348, 1970, 82, 198, 23, 1837, 252, 1257, 15, 10, 20, 756, 29, 34, 271, 914, 15, 20, 86, 2362, 114, 0, 1, 14, 55, 5072, 62, 12, 2025, 1, 155, 20, 20, 188, 161, 1002, 17, 164, 85, 3, 155, 3299, 117, 303, 3969]
---------3-(6, 6)------------
[5, 23, 13, 108, 8, 1, 519, 187, 12, 5, 0, 0, 0, 1, 0, 19, 86, 756, 62, 15, 864, 20, 107, 1, 282, 43, 731, 1, 8, 41, 27, 12, 20, 22, 662, 5, 1, 17, 407, 282, 3, 49, 8, 4, 1, 1, 20, 1, 1, 86]
[111, 23, 857, 279, 87, 1, 519, 187, 2033, 20, 1104, 0, 5341, 1, 23, 214, 86, 756, 4, 33, 864, 20, 183, 2881, 4386, 151, 731, 49, 8, 0, 27, 8, 20, 22, 662, 23, 1, 184, 1386, 282, 164, 49, 8, 62, 207, 1, 20, 1, 16, 20]
---------3-(7, 7)------------
[79, 12, 1, 49, 36, 90, 193, 2, 3459, 8, 141, 0, 92, 56, 9, 36, 150, 18, 5, 104, 204, 20, 1, 12, 7, 0, 3, 20, 408, 6, 20, 211, 81, 55, 2, 29, 4, 61, 32, 2033, 6321, 256, 0, 274, 60, 17, 32, 8, 405, 16]
[662, 448, 1, 49, 270, 90, 193, 252, 3459, 138, 11, 0, 92, 56, 434, 16, 150, 18, 2225, 104, 29, 5, 454, 99, 7, 0, 3, 441, 408, 978, 10, 61, 405, 663, 2, 29, 62, 1, 32, 2033, 6321, 256, 0, 18, 1404, 17, 32, 8, 405, 51]
---------3-(8, 8)------------
[35, 12, 146, 40, 189, 54, 829, 226, 15, 1, 8, 144, 3, 1008, 405, 60, 58, 0, 15, 1, 1334, 244, 405, 0, 20, 271, 23, 15, 1, 44, 17, 8, 192, 237, 13, 1, 60, 33, 34, 20, 16, 60, 121, 284, 62, 17, 15, 61, 101, 7]
[35, 8, 146, 40, 1842, 54, 829, 226, 15, 1, 8, 942, 3, 1008, 405, 11, 58, 1, 8, 4370, 1334, 244, 405, 0, 1342, 72, 23, 73, 1, 263, 17, 328, 192, 237, 103, 1, 162, 1, 34, 5614, 16, 60, 121, 284, 639, 17, 77, 2937, 101, 5]
---------3-(9, 9)------------
[33, 260, 1, 1048, 17, 8, 0, 92, 41, 0, 1293, 31, 492, 9, 148, 20, 10, 62, 51, 1, 0, 143, 0, 12, 5, 59, 41, 508, 17, 1, 87, 422, 99, 189, 1, 25, 5735, 12, 121, 16, 20, 2425, 131, 93, 1, 24, 3, 67, 1066, 1216]
[920, 260, 1, 1048, 17, 36, 88, 92, 295, 0, 1293, 31, 492, 426, 148, 5, 116, 256, 95, 46, 7, 149, 1891, 1, 1066, 59, 1008, 3200, 151, 0, 87, 422, 1694, 978, 41, 2345, 5735, 0, 121, 674, 888, 2425, 1182, 4000, 298, 3083, 3, 1334, 1066, 1216]
---------3-(10, 10)------------
[65, 1696, 0, 9, 10, 20, 51, 2828, 1731, 5764, 76, 5, 10, 10, 1044, 22, 1, 57, 5, 258, 187, 79, 38, 350, 1, 718, 3, 13, 146, 3875, 3, 2177, 700, 103, 2083, 29, 91, 59, 2, 79, 58, 3, 187, 8, 9, 11, 761, 18, 258, 56]
[18, 1696, 1482, 9, 5, 20, 499, 2828, 1731, 5764, 76, 163, 503, 1, 1044, 22, 6582, 57, 10, 258, 433, 1471, 38, 39, 1, 718, 524, 2298, 146, 3875, 3, 2177, 700, 103, 2083, 29, 91, 59, 52, 338, 58, 3, 1216, 15, 239, 509, 761, 18, 258, 2697]
---------3-(11, 11)------------
[18, 16, 1191, 53, 258, 8, 5, 7, 91, 23, 30, 166, 2, 23, 613, 660, 12, 0, 2, 2, 64, 821, 4214, 8, 3, 7, 2, 12, 56, 191, 0, 11, 30, 803, 3, 1, 44, 91, 30, 21, 23, 9, 99, 285, 268, 294, 0, 2, 226, 641]
[2056, 1106, 15, 1216, 258, 1497, 163, 2481, 91, 23, 30, 2, 2, 18, 613, 660, 12, 337, 2, 136, 576, 821, 1748, 496, 1047, 80, 606, 38, 294, 191, 0, 141, 163, 803, 3, 2085, 164, 91, 39, 21, 23, 106, 391, 190, 39, 294, 2442, 2, 226, 641]
---------3-(12, 12)------------
[478, 44, 2358, 36, 10, 0, 151, 7, 3, 12, 47, 12, 55, 84, 20, 0, 11, 1, 173, 0, 8, 818, 135, 0, 0, 15, 477, 84, 7, 41, 57, 5, 3, 627, 114, 167, 16, 108, 59, 37, 963, 4527, 6, 39, 15, 1, 588, 5, 20, 25]
[478, 44, 2358, 36, 10, 0, 151, 7, 1599, 12, 191, 12, 55, 84, 20, 5, 1599, 7, 173, 0, 8, 818, 135, 1082, 0, 2321, 477, 84, 0, 103, 57, 5, 554, 627, 114, 2321, 16, 5389, 123, 37, 963, 4527, 6, 350, 589, 226, 588, 2439, 20, 25]
---------3-(13, 13)------------
[12, 44, 6, 20, 575, 60, 25, 6, 0, 5, 5, 3, 173, 96, 12, 0, 65, 1, 47, 44, 0, 27, 121, 24, 0, 639, 12, 191, 3159, 10, 25, 0, 1, 0, 233, 147, 104, 84, 5, 204, 2045, 0, 24, 61, 168, 17, 112, 6, 3, 282]
[38, 47, 6, 20, 575, 2678, 117, 6, 137, 96, 79, 3, 37, 96, 12, 11, 0, 96, 554, 616, 96, 181, 151, 478, 178, 639, 12, 191, 3159, 0, 25, 596, 1, 0, 37, 2807, 1117, 84, 11, 186, 2045, 3948, 123, 61, 168, 17, 3405, 21, 3, 380]
---------3-(14, 14)------------
[18, 0, 140, 2, 78, 481, 6734, 23, 4, 6, 12, 44, 0, 17, 220, 17, 18, 12, 0, 16, 32, 87, 8, 6, 2, 8, 2, 1776, 9, 84, 9, 27, 97, 12, 9, 36, 15, 335, 6, 9, 3, 12, 11, 87, 91, 2, 46, 72, 33, 53]
[18, 0, 1781, 90, 186, 481, 6734, 80, 79, 6, 847, 164, 229, 17, 220, 1236, 18, 22, 0, 3596, 32, 87, 15, 6, 2, 53, 2, 1776, 48, 84, 9, 13, 693, 12, 2, 36, 408, 335, 21, 324, 3, 1072, 11, 87, 91, 2, 46, 72, 38, 53]
---------3-(15, 15)------------
[66, 10, 306, 0, 2, 134, 350, 128, 18, 56, 3, 583, 17, 1, 5, 47, 2, 7, 9, 0, 57, 588, 53, 9, 1026, 3695, 25, 79, 91, 6970, 6, 23, 0, 0, 3, 0, 247, 77, 6054, 79, 566, 17, 13, 13, 172, 2, 19, 1, 56, 125]
[66, 57, 306, 109, 2, 433, 350, 128, 2510, 2717, 1788, 583, 1, 0, 1647, 47, 1931, 25, 16, 1487, 57, 588, 89, 106, 287, 3695, 6, 24, 91, 6970, 6, 23, 268, 5, 3, 3371, 247, 77, 6054, 79, 566, 17, 114, 69, 172, 2, 1739, 1, 5154, 125]
---------3-(16, 16)------------
[1, 136, 159, 5, 3, 22, 633, 3873, 114, 8, 67, 156, 5, 1, 261, 8, 1, 3, 2, 16, 15, 1, 150, 15, 99, 1, 0, 11, 3, 0, 37, 4, 20, 8, 37, 55, 61, 20, 20, 8, 69, 1, 204, 6, 0, 8, 9, 0, 11, 5]
[25, 136, 159, 5, 57, 22, 350, 3873, 11, 69, 67, 955, 50, 588, 261, 8, 1, 3, 2, 16, 15, 1, 122, 15, 290, 1, 0, 11, 3, 0, 1604, 4, 23, 8, 61, 55, 15, 20, 441, 116, 69, 0, 78, 53, 2278, 75, 9, 4, 11, 0]
---------3-(17, 17)------------
[4, 99, 310, 147, 10, 3, 27, 0, 39, 6, 57, 0, 11, 12, 3, 75, 407, 1, 370, 25, 13, 188, 19, 0, 20, 66, 125, 1, 130, 0, 2, 6701, 7, 192, 303, 2132, 1933, 8, 36, 36, 10, 2261, 1346, 6, 99, 137, 35, 47, 92, 97]
[4, 99, 1196, 147, 66, 810, 27, 0, 15, 59, 57, 18, 11, 22, 1034, 41, 39, 5923, 370, 25, 190, 188, 19, 49, 20, 948, 125, 1, 130, 0, 2, 6701, 5, 192, 303, 2132, 1933, 8, 36, 777, 3085, 2261, 1346, 21, 99, 299, 35, 47, 92, 6555]
---------3-(18, 18)------------
[3, 57, 49, 5, 0, 2, 9, 1, 364, 141, 114, 1, 1, 43, 343, 16, 172, 1, 792, 9, 57, 38, 261, 6, 159, 76, 3, 1, 1, 1, 0, 582, 13, 437, 9, 8, 815, 1, 0, 1610, 7, 0, 41, 69, 3939, 6, 0, 5, 2, 8]
[3, 543, 261, 18, 232, 136, 252, 1112, 364, 141, 114, 1, 1, 43, 343, 16, 3093, 1, 792, 2307, 377, 38, 261, 21, 159, 76, 56, 1, 69, 1, 116, 450, 123, 2280, 9, 5016, 815, 10, 0, 102, 13, 137, 75, 69, 46, 25, 0, 1245, 2, 24]
---------3-(19, 19)------------
[10, 11, 155, 15, 54, 8, 4, 278, 75, 10, 3, 2705, 3, 137, 9, 234, 2, 1, 1709, 49, 11, 0, 11, 11, 11, 8, 3097, 8, 187, 0, 8, 3, 588, 149, 1, 1, 3, 10, 0, 11, 13, 199, 57, 20, 9, 213, 10, 189, 15, 41]
[5, 0, 1244, 15, 54, 8, 4, 278, 261, 61, 294, 2705, 3, 137, 9, 402, 2, 5, 1709, 49, 41, 0, 11, 141, 11, 8, 3097, 8, 53, 2478, 261, 144, 588, 45, 15, 88, 3, 1, 95, 0, 491, 199, 57, 108, 1006, 213, 0, 189, 2981, 41]
---------3-(20, 20)------------
[41, 1, 10, 2184, 5974, 67, 134, 72, 8, 5, 189, 11, 3, 3, 3, 1, 11, 1, 5, 838, 222, 72, 265, 0, 10, 8, 3, 132, 187, 37, 61, 3, 41, 8, 5, 284, 0, 10, 5, 8, 8, 5, 402, 434, 162, 56, 107, 2064, 11, 0]
[41, 1, 188, 2184, 5974, 965, 1787, 643, 1861, 5, 189, 11, 3, 235, 3, 869, 695, 41, 8, 838, 168, 72, 265, 0, 72, 77, 3, 15, 54, 173, 61, 3, 41, 8, 435, 2472, 0, 1244, 103, 133, 95, 4, 402, 341, 162, 213, 3363, 2064, 11, 1364]
---------3-(21, 21)------------
[2, 3, 41, 36, 1954, 2, 7, 3787, 257, 16, 2, 1040, 4127, 271, 5, 2, 18, 12, 1, 41, 1, 23, 9, 0, 0, 540, 66, 1, 65, 5, 3, 284, 12, 48, 0, 12, 18, 2, 11, 97, 1, 0, 138, 66, 61, 9, 1954, 146, 112, 58]
[2, 3, 292, 32, 1954, 192, 112, 3787, 203, 16, 2, 1040, 4127, 1244, 23, 2, 18, 303, 14, 318, 1, 23, 28, 7, 0, 540, 66, 1, 65, 11, 177, 5229, 1502, 48, 173, 8, 1335, 2, 11, 97, 8, 0, 138, 66, 588, 9, 1954, 146, 112, 58]
---------3-(22, 22)------------
[1740, 32, 214, 61, 174, 4755, 3, 1968, 9, 5, 13, 1, 17, 90, 105, 3, 3, 3, 79, 13, 0, 23, 5348, 12, 0, 10, 2, 25, 3, 11, 159, 1, 32, 0, 24, 37, 4922, 3, 45, 3, 23, 11, 429, 131, 56, 159, 364, 90, 8, 17]
[1740, 32, 214, 61, 1455, 4755, 3, 1968, 2, 5, 185, 5, 17, 90, 105, 3, 47, 3, 79, 13, 13, 5, 5348, 1635, 0, 1795, 2, 25, 3, 11, 159, 1, 32, 0, 227, 1642, 4922, 2832, 1087, 665, 1459, 11, 429, 131, 2148, 777, 546, 90, 8, 17]
---------3-(23, 23)------------
[14, 53, 5, 47, 2, 18, 13, 53, 47, 177, 3, 18, 2, 17, 1, 24, 109, 454, 132, 1, 161, 15, 1142, 24, 3, 121, 61, 81, 5, 16, 9, 12, 12, 70, 18, 345, 0, 0, 0, 12, 9, 5, 0, 54, 7, 10, 7, 33, 129, 18]
[38, 395, 5, 164, 2431, 5, 13, 8, 47, 177, 3, 18, 2, 17, 88, 5055, 109, 1573, 161, 1, 161, 159, 1142, 298, 3, 121, 61, 74, 5, 16, 9, 159, 2754, 70, 80, 29, 13, 0, 23, 168, 9, 1558, 967, 54, 103, 87, 11, 1142, 10, 18]
---------3-(24, 24)------------
[1, 37, 41, 24, 61, 3, 46, 43, 24, 11, 204, 8, 3, 88, 3, 187, 1, 126, 5, 17, 94, 24, 0, 31, 8, 5, 218, 31, 5, 3, 22, 4, 1125, 1, 599, 17, 41, 69, 5, 19, 101, 15, 3, 53, 0, 114, 263, 11, 57, 2286]
[6861, 37, 103, 24, 61, 3, 46, 43, 238, 4, 186, 11, 3, 88, 3, 470, 37, 38, 5, 17, 94, 24, 0, 31, 8, 18, 15, 31, 5, 3, 22, 4, 1125, 1, 599, 17, 41, 69, 13, 19, 101, 15, 3, 53, 0, 114, 263, 365, 43, 2286]
---------3-(25, 25)------------
[8, 3149, 89, 0, 23, 2148, 1, 18, 61, 127, 383, 1, 0, 18, 27, 190, 5, 145, 17, 11, 101, 25, 1, 113, 785, 187, 58, 1, 13, 190, 10, 0, 3, 23, 46, 13, 3, 92, 599, 18, 10, 0, 31, 15, 18, 13, 20, 5, 31, 298]
[3218, 681, 89, 7, 23, 2148, 1, 18, 61, 357, 383, 1, 5, 318, 1228, 118, 5, 145, 17, 104, 101, 2079, 2908, 113, 785, 433, 58, 7, 109, 1573, 3255, 5, 160, 23, 46, 3726, 3, 92, 599, 37, 10, 0, 31, 588, 23, 1891, 20, 1086, 31, 298]
---------3-(26, 26)------------
[4, 0, 0, 30, 0, 49, 92, 1, 1, 6, 234, 0, 2, 129, 83, 3850, 2, 17, 0, 53, 20, 17, 75, 17, 64, 20, 1244, 150, 0, 1, 81, 3, 30, 41, 17, 60, 66, 15, 69, 5, 33, 0, 61, 1, 215, 1, 17, 53, 64, 1577]
[4, 3337, 0, 30, 0, 49, 511, 1, 1, 35, 756, 0, 61, 534, 83, 3850, 2, 17, 0, 53, 246, 17, 75, 1283, 357, 1244, 1244, 226, 0, 1, 81, 3, 30, 1045, 17, 60, 771, 15, 4937, 5, 33, 4966, 61, 924, 215, 1, 399, 3132, 64, 1577]
---------3-(27, 27)------------
[31, 201, 15, 15, 8, 8, 12, 935, 23, 1782, 98, 132, 8, 103, 95, 8, 20, 8, 56, 1, 1, 0, 64, 1, 8, 37, 104, 0, 581, 17, 75, 2319, 74, 3552, 5, 95, 10, 8, 1022, 20, 1, 65, 12, 0, 3, 8, 465, 17, 87, 1197]
[31, 201, 15, 1142, 8, 8, 222, 935, 1, 1782, 98, 15, 8, 1672, 95, 8, 376, 414, 56, 77, 0, 0, 64, 1, 8, 37, 104, 0, 581, 17, 75, 3142, 74, 3552, 34, 8, 232, 8, 1022, 20, 1324, 360, 1202, 93, 3, 0, 465, 17, 87, 1197]
---------3-(28, 28)------------
[189, 234, 9, 2, 2, 11, 180, 570, 36, 24, 420, 37, 9, 2, 0, 8, 20, 1553, 43, 136, 41, 37, 16, 285, 23, 9, 0, 511, 60, 2, 97, 2, 1, 3, 189, 0, 3, 0, 28, 15, 67, 2, 9, 1, 170, 199, 591, 155, 101, 2]
[189, 885, 9, 2, 2, 11, 183, 570, 1357, 227, 420, 477, 9, 2, 41, 8, 20, 1553, 43, 136, 4, 477, 340, 285, 15, 297, 0, 511, 2447, 2, 97, 241, 1, 580, 790, 0, 192, 0, 28, 33, 288, 2, 197, 1, 170, 199, 591, 155, 101, 2]
---------3-(29, 29)------------
[8, 60, 30, 155, 827, 3, 61, 10, 16, 599, 15, 563, 34, 75, 8, 1, 2509, 5, 6, 8, 13, 8, 8, 1536, 333, 242, 234, 24, 78, 127, 0, 17, 3, 9, 8, 2, 133, 187, 818, 69, 9, 1, 273, 29, 15, 8, 8, 8, 6, 23]
[8, 60, 18, 72, 827, 3, 61, 893, 674, 599, 15, 733, 34, 75, 8, 1, 439, 5, 6, 0, 2397, 8, 1, 1536, 333, 242, 1959, 24, 78, 1214, 1830, 17, 56, 9, 25, 2, 133, 1077, 818, 918, 9, 42, 502, 29, 15, 8, 8, 15, 6, 23]
---------3-(30, 30)------------
[1306, 10, 226, 2198, 125, 112, 547, 16, 187, 481, 9, 2, 160, 47, 9, 61, 9, 778, 8, 38, 66, 125, 0, 31, 15, 1836, 9, 292, 0, 9, 8, 4, 31, 271, 7, 78, 1, 44, 1, 80, 11, 2, 5, 271, 56, 125, 8, 389, 91, 3]
[1306, 10, 226, 2198, 125, 112, 547, 111, 1077, 481, 9, 2, 160, 47, 9, 588, 309, 778, 8, 1450, 300, 559, 2511, 31, 15, 1836, 9, 292, 0, 9, 8, 185, 18, 816, 7, 112, 687, 213, 1, 25, 11, 807, 5432, 818, 325, 215, 8, 389, 60, 3]