
---------3-(0, 0)------------
[33, 56, 0, 8, 3, 1092, 9, 0, 43, 5, 403, 11, 17, 0, 12, 27, 12, 13, 6, 5, 3, 11, 17, 15, 2946, 3, 1548, 14, 0, 491, 1, 78, 5, 30, 101, 5, 1557, 89, 99, 26, 99, 3, 140, 0, 56, 460, 61, 56, 10, 6]
[33, 56, 0, 0, 3, 1092, 76, 0, 792, 5, 403, 11, 17, 83, 14, 217, 543, 1958, 6, 3308, 177, 11, 17, 83, 2946, 3, 1548, 6, 0, 491, 1, 2601, 217, 121, 101, 5, 1557, 117, 99, 26, 99, 3, 140, 0, 188, 401, 2599, 47, 202, 14]
---------3-(1, 1)------------
[79, 1732, 8, 4, 0, 31, 265, 3, 0, 3, 3, 3, 243, 0, 3275, 1092, 11, 86, 86, 92, 16, 39, 174, 14, 8, 11, 34, 18, 14, 86, 12, 61, 1, 7, 10, 471, 0, 5, 8, 0, 34, 1, 0, 20, 86, 3, 3099, 3, 126, 928]
[336, 1732, 95, 4, 0, 31, 75, 86, 96, 323, 3, 3, 243, 6, 3275, 1092, 11, 86, 86, 92, 16, 2062, 174, 14, 8, 0, 34, 1519, 26, 86, 26, 61, 5, 7, 13, 1716, 30, 7, 8, 1, 34, 1, 0, 149, 86, 47, 3099, 3, 188, 928]
---------3-(2, 2)------------
[20, 1, 155, 15, 7, 0, 10, 78, 405, 13, 13, 78, 108, 24, 0, 15, 148, 1431, 0, 18, 3, 4, 9, 306, 2912, 9, 74, 1, 34, 8, 2, 117, 189, 0, 3, 18, 14, 8, 2319, 0, 5, 56, 14, 190, 65, 43, 241, 0, 31, 45]
[20, 15, 155, 1019, 7, 0, 10, 117, 405, 13, 50, 1608, 108, 5455, 0, 15, 148, 1431, 15, 18, 177, 1291, 498, 306, 2912, 6898, 74, 1, 34, 8, 2, 8, 1842, 0, 323, 18, 14, 8, 2319, 0, 687, 2484, 423, 190, 0, 3066, 241, 0, 31, 441]
---------3-(3, 3)------------
[796, 31, 0, 20, 7, 1, 98, 93, 500, 2140, 50, 1, 1, 0, 0, 0, 31, 91, 434, 18, 5418, 1488, 39, 624, 459, 67, 1225, 98, 4, 14, 2, 582, 31, 555, 11, 22, 13, 3, 1959, 417, 1, 0, 33, 23, 264, 20, 105, 0, 33, 6]
[1488, 461, 402, 20, 7, 0, 98, 93, 500, 2140, 0, 1, 131, 13, 0, 0, 31, 1474, 434, 18, 5418, 1488, 39, 624, 459, 288, 1225, 98, 4, 14, 3569, 582, 31, 555, 58, 22, 13, 3, 1959, 417, 1, 0, 33, 23, 264, 108, 1632, 26, 33, 6]
---------3-(4, 4)------------
[4, 0, 20, 132, 8, 60, 9, 9, 46, 16, 104, 2, 60, 0, 23, 3, 19, 108, 2, 47, 33, 402, 557, 0, 16, 0, 50, 17, 3, 1, 1651, 2, 0, 273, 5, 0, 1940, 1300, 6676, 673, 56, 0, 104, 94, 2, 544, 0, 2, 15, 1861]
[4, 0, 20, 132, 63, 811, 52, 9, 380, 32, 104, 498, 60, 300, 23, 3, 19, 108, 2, 47, 33, 402, 557, 63, 16, 0, 13, 17, 3, 5, 1651, 3165, 0, 670, 1651, 1117, 1940, 1300, 6676, 673, 1100, 1, 57, 2397, 3569, 544, 3398, 2, 33, 1861]
---------3-(5, 5)------------
[73, 81, 44, 10, 0, 1, 60, 0, 12, 0, 17, 0, 79, 258, 1, 159, 0, 3, 11, 0, 54, 2, 15, 8, 279, 15, 0, 0, 54, 33, 33, 1, 514, 131, 43, 513, 12, 102, 57, 13, 24, 0, 21, 0, 12, 4515, 0, 56, 107, 481]
[73, 81, 715, 70, 159, 288, 894, 40, 1445, 5, 17, 1, 10, 258, 1, 159, 0, 431, 0, 159, 1333, 28, 15, 603, 108, 15, 0, 1, 54, 33, 33, 1, 514, 3147, 561, 513, 73, 102, 57, 1119, 39, 0, 21, 6136, 2137, 4515, 0, 3092, 1669, 1539]
---------3-(6, 6)------------
[0, 11, 56, 96, 50, 2, 8, 828, 513, 0, 26, 13, 32, 20, 7, 454, 0, 3, 131, 0, 189, 2, 7, 3, 0, 37, 0, 2, 0, 2, 0, 34, 18, 231, 792, 9, 0, 0, 0, 0, 3, 164, 0, 13, 12, 12, 1, 0, 9, 66]
[12, 80, 3092, 96, 50, 2, 210, 828, 513, 0, 12, 17, 105, 20, 70, 285, 0, 3, 41, 178, 234, 2, 5, 3, 0, 72, 231, 2, 0, 2, 0, 34, 18, 231, 792, 9, 0, 26, 71, 0, 3, 164, 63, 224, 30, 72, 34, 0, 498, 66]
---------3-(7, 7)------------
[66, 6, 26, 53, 50, 5, 13, 3, 1, 8, 1, 49, 243, 6, 1417, 38, 1, 0, 53, 8, 89, 7, 8, 0, 0, 12, 20, 0, 5, 4, 41, 0, 0, 37, 513, 4046, 231, 1299, 6, 0, 189, 10, 1, 0, 21, 25, 12, 5, 32, 37]
[66, 1, 26, 4, 50, 5, 13, 3, 1, 8, 33, 242, 243, 6, 1417, 38, 8, 0, 134, 8, 17, 5, 8, 13, 0, 12, 20, 0, 50, 161, 103, 11, 0, 72, 513, 4046, 72, 1299, 2175, 40, 5170, 10, 0, 13, 21, 25, 21, 0, 32, 173]
---------3-(8, 8)------------
[14, 0, 18, 22, 0, 12, 0, 0, 15, 5, 0, 13, 13, 0, 141, 6, 12, 17, 0, 147, 108, 3, 13, 16, 113, 876, 11, 24, 0, 1, 173, 22, 0, 26, 5, 897, 0, 5, 72, 0, 20, 5, 87, 6, 1, 0, 0, 1, 91, 1]
[14, 1303, 0, 22, 0, 14, 0, 0, 15, 34, 0, 5, 13, 0, 141, 6, 14, 17, 515, 3210, 86, 3, 13, 16, 113, 876, 210, 343, 0, 179, 173, 23, 0, 26, 8, 897, 0, 5, 231, 0, 45, 5, 267, 6, 148, 229, 1303, 1, 596, 148]
---------3-(9, 9)------------
[129, 18, 14, 8, 3, 0, 0, 1, 18, 201, 58, 34, 5, 29, 5, 17, 109, 189, 2, 187, 24, 9, 0, 17, 9, 1, 24, 9, 59, 1013, 555, 1, 5, 0, 1, 17, 109, 11, 505, 2, 1, 8, 9, 9, 0, 26, 41, 10, 3, 215]
[129, 20, 6, 42, 3, 0, 13, 1, 0, 201, 58, 34, 0, 29, 7, 17, 109, 189, 420, 433, 5755, 9, 0, 151, 9, 267, 0, 9, 1688, 1013, 555, 10, 5, 0, 42, 17, 109, 11, 224, 2, 63, 1415, 1563, 5273, 0, 26, 72, 2145, 102, 215]
---------3-(10, 10)------------
[121, 5, 16, 1, 5, 8, 67, 91, 9, 2, 4, 617, 13, 3, 9, 60, 8, 9, 20, 0, 67, 5, 13, 21, 3, 1, 0, 2, 1, 71, 1, 234, 310, 13, 93, 187, 1, 1, 42, 5, 497, 151, 0, 42, 3, 0, 36, 13, 0, 1]
[2144, 2789, 445, 1, 135, 58, 67, 91, 9, 2, 4, 6492, 13, 3, 9, 497, 8, 76, 20, 0, 288, 20, 6, 21, 3, 316, 0, 9, 1, 5, 1, 1208, 6771, 148, 4299, 187, 0, 249, 42, 1111, 497, 151, 0, 42, 164, 0, 36, 4, 13, 1]
---------3-(11, 11)------------
[86, 5, 0, 2, 433, 0, 1, 10, 76, 0, 55, 25, 146, 5, 18, 8, 13, 0, 12, 5, 1112, 23, 9, 10, 56, 16, 30, 1052, 1696, 19, 820, 765, 87, 3, 14, 1, 189, 5, 13, 5, 79, 9, 66, 88, 6, 1, 81, 12, 2932, 46]
[86, 50, 50, 2, 433, 229, 1, 210, 2, 0, 55, 13, 146, 139, 135, 95, 135, 135, 12, 5, 1112, 23, 106, 274, 265, 340, 747, 1052, 4194, 19, 820, 765, 87, 3, 21, 1, 189, 7, 13, 20, 123, 9, 1330, 88, 6, 0, 81, 12, 2932, 46]
---------3-(12, 12)------------
[5, 3, 243, 401, 0, 1, 18, 365, 0, 582, 58, 18, 34, 0, 31, 11, 821, 23, 0, 74, 0, 4, 1, 104, 473, 12, 36, 0, 0, 49, 828, 285, 277, 5, 81, 4, 591, 175, 221, 5, 9, 3, 0, 172, 4, 143, 20, 72, 0, 0]
[859, 3, 415, 401, 139, 1, 1090, 642, 5, 4136, 58, 18, 34, 0, 31, 13, 1125, 718, 0, 74, 15, 141, 1, 834, 473, 260, 32, 0, 20, 6250, 828, 765, 150, 5, 81, 33, 591, 175, 3161, 5, 924, 3, 791, 172, 4, 143, 0, 72, 169, 8]
---------3-(13, 13)------------
[235, 3, 92, 1, 141, 4, 1091, 2, 3, 310, 17, 665, 1, 17, 196, 37, 86, 33, 81, 3351, 9, 50, 5, 15, 317, 56, 9, 20, 2, 86, 6, 330, 50, 27, 135, 108, 49, 12, 61, 234, 108, 5, 47, 5, 60, 37, 67, 0, 0, 3]
[235, 47, 30, 1, 68, 4, 1091, 136, 3975, 180, 17, 1293, 1, 17, 196, 37, 86, 33, 81, 3351, 341, 0, 0, 159, 317, 47, 3397, 1087, 2, 656, 21, 330, 5, 1300, 135, 279, 49, 33, 122, 790, 108, 5, 1805, 235, 60, 37, 288, 0, 0, 3]
---------3-(14, 14)------------
[1, 244, 18, 75, 9, 4, 0, 539, 13, 0, 1, 310, 63, 12, 6, 4, 5, 2, 11, 1, 34, 1, 0, 0, 1, 7000, 8, 0, 127, 70, 0, 201, 104, 13, 2, 0, 8, 401, 86, 285, 285, 5, 34, 113, 3, 2, 1, 985, 43, 0]
[510, 244, 18, 75, 9, 4, 544, 539, 1158, 139, 1, 180, 63, 12, 6, 4, 5, 2, 5656, 8, 34, 1, 8, 23, 1, 7000, 8, 0, 127, 70, 7, 201, 104, 13, 2, 0, 8, 401, 322, 118, 404, 4, 34, 113, 3, 2, 15, 985, 2963, 122]
---------3-(15, 15)------------
[5, 0, 172, 5, 1610, 1624, 1, 50, 0, 1157, 9, 1178, 67, 122, 8, 6, 0, 173, 56, 74, 1, 17, 128, 5, 8, 27, 3, 108, 139, 116, 291, 279, 23, 1, 46, 1, 33, 4, 3, 91, 13, 3, 6, 0, 5, 1, 8, 3401, 3, 104]
[5, 83, 172, 1, 439, 1624, 58, 50, 0, 67, 9, 1178, 288, 122, 144, 347, 7, 37, 188, 76, 33, 17, 536, 5, 8, 27, 3, 2395, 139, 116, 42, 279, 23, 1, 46, 1, 33, 27, 3, 642, 4, 3, 422, 46, 40, 58, 0, 3401, 164, 104]
---------3-(16, 16)------------
[4, 24, 1001, 107, 97, 188, 5, 130, 0, 0, 246, 84, 364, 2, 438, 16, 50, 2, 55, 0, 0, 187, 8, 17, 65, 32, 804, 2, 0, 0, 32, 60, 28, 16, 476, 5, 18, 108, 0, 3, 16, 12, 0, 39, 1043, 942, 1263, 133, 246, 22]
[27, 39, 2054, 1669, 602, 188, 169, 288, 1828, 0, 246, 84, 386, 2, 67, 16, 50, 2, 55, 0, 0, 1269, 784, 17, 669, 165, 804, 2, 0, 0, 36, 7, 28, 16, 476, 88, 18, 108, 103, 524, 25, 23, 1764, 429, 1043, 1543, 1263, 168, 246, 22]
---------3-(17, 17)------------
[1, 13, 30, 1, 929, 298, 3, 1, 72, 16, 16, 10, 0, 148, 86, 273, 12, 11, 131, 110, 108, 0, 150, 0, 1, 0, 6, 1, 125, 17, 37, 5, 1, 73, 1, 27, 231, 10, 1, 3, 129, 3, 26, 97, 86, 9, 2, 23, 9, 0]
[1, 47, 93, 1184, 929, 298, 56, 474, 1609, 16, 340, 171, 10, 148, 546, 373, 358, 11, 0, 110, 20, 0, 277, 4283, 1, 547, 1, 1, 559, 17, 152, 7, 1, 73, 72, 27, 1254, 10, 1, 61, 227, 44, 26, 1200, 2667, 241, 2, 23, 9, 139]
---------3-(18, 18)------------
[1591, 617, 9, 38, 105, 0, 1961, 12, 2254, 11, 9, 116, 17, 131, 108, 17, 46, 102, 126, 59, 20, 309, 94, 58, 62, 139, 3, 17, 289, 2, 12, 9, 13, 91, 0, 11, 169, 58, 1, 111, 113, 16, 120, 0, 2029, 20, 72, 265, 1, 3]
[1591, 617, 228, 1, 105, 2399, 1961, 12, 2254, 11, 173, 116, 269, 271, 108, 17, 10, 47, 126, 59, 20, 309, 20, 58, 135, 139, 56, 17, 795, 192, 12, 9, 47, 91, 0, 141, 169, 58, 139, 111, 113, 557, 120, 264, 2029, 139, 72, 5082, 12, 3]
---------3-(19, 19)------------
[98, 9, 29, 0, 12, 4, 12, 107, 4, 9, 0, 11, 101, 24, 8, 56, 610, 25, 1, 8, 3, 113, 437, 101, 13, 75, 13, 158, 0, 13, 1663, 914, 0, 37, 12, 0, 0, 6, 0, 5, 91, 13, 96, 3, 47, 401, 21, 9, 117, 12]
[98, 9, 29, 91, 12, 4, 26, 107, 4, 9, 0, 5, 101, 24, 8, 56, 610, 25, 1282, 8, 3, 388, 437, 101, 169, 75, 168, 158, 202, 0, 1663, 914, 2422, 37, 203, 169, 299, 6, 139, 5, 91, 13, 96, 521, 320, 401, 21, 9, 117, 667]
---------3-(20, 20)------------
[47, 7, 84, 10, 190, 288, 134, 13, 6, 12, 12, 0, 37, 4, 402, 47, 66, 10, 966, 16, 4, 6749, 13, 10, 9, 84, 16, 14, 16, 81, 3, 120, 10, 94, 23, 15, 0, 1, 610, 2, 20, 84, 1195, 12, 6, 12, 1, 75, 15, 24]
[265, 7, 79, 10, 443, 288, 134, 4, 41, 633, 6, 139, 218, 1812, 402, 47, 66, 10, 966, 16, 10, 6749, 371, 192, 199, 84, 340, 14, 32, 81, 4, 120, 10, 94, 18, 896, 2437, 265, 610, 52, 130, 84, 1195, 12, 6, 14, 4, 0, 15, 534]
---------3-(21, 21)------------
[12, 56, 56, 13, 16, 169, 196, 1415, 3, 75, 14, 13, 627, 1, 17, 99, 41, 3, 18, 394, 47, 12, 10, 201, 201, 15, 15, 169, 4, 16, 1, 346, 2608, 1, 1, 8, 0, 1, 0, 13, 0, 20, 3, 9, 8, 0, 7, 34, 24, 0]
[14, 325, 56, 2902, 16, 169, 196, 1415, 3, 8, 14, 164, 627, 1129, 17, 8, 41, 3, 18, 59, 1406, 22, 10, 2314, 201, 15, 344, 169, 4, 16, 1147, 346, 2608, 37, 6075, 8, 0, 3902, 169, 13, 10, 20, 3, 90, 8, 169, 7, 34, 24, 2902]
---------3-(22, 22)------------
[402, 56, 0, 1, 512, 87, 169, 684, 1, 6, 38, 0, 3, 90, 4, 32, 13, 17, 37, 1, 0, 214, 1, 1, 294, 19, 1, 87, 26, 5, 1, 2, 6, 0, 56, 16, 655, 24, 169, 12, 41, 13, 7, 14, 369, 3, 7, 1, 15, 0]
[402, 56, 0, 1, 512, 510, 169, 684, 1, 236, 38, 169, 3, 90, 4, 32, 13, 17, 172, 1, 41, 214, 1, 12, 294, 19, 0, 655, 26, 5, 13, 28, 1259, 217, 56, 16, 655, 853, 169, 12, 41, 13, 7, 14, 369, 3, 7, 144, 1089, 46]
---------3-(23, 23)------------
[8, 2, 12, 45, 3, 3, 7, 19, 5, 1, 1, 6, 5245, 12, 0, 43, 57, 20, 41, 11, 2988, 31, 6, 6, 0, 651, 2, 194, 10, 12, 958, 153, 10, 609, 966, 12, 32, 3, 57, 17, 562, 20, 38, 2, 12, 129, 5, 57, 6, 2]
[8, 2, 12, 2862, 3, 572, 130, 214, 13, 0, 0, 395, 5245, 41, 2015, 43, 3081, 20, 41, 11, 2988, 18, 14, 6, 1112, 1235, 2, 194, 28, 12, 958, 457, 118, 609, 2735, 12, 115, 3, 1658, 184, 562, 322, 38, 3168, 41, 15, 3004, 27, 21, 2]
---------3-(24, 24)------------
[82, 91, 9, 1, 3539, 10, 3526, 10, 16, 10, 69, 822, 2, 5, 65, 2, 582, 1, 585, 25, 865, 10, 242, 1, 16, 8, 16, 82, 95, 75, 10, 28, 41, 4400, 10, 58, 365, 1, 6944, 2, 1, 17, 15, 96, 5, 13, 32, 64, 1, 438]
[82, 91, 36, 15, 3539, 304, 3526, 853, 1357, 10, 80, 822, 52, 4485, 65, 2, 582, 1, 585, 25, 865, 10, 138, 1231, 340, 8, 16, 245, 95, 1247, 282, 28, 75, 4400, 10, 58, 60, 6, 6944, 476, 103, 17, 15, 96, 3960, 13, 36, 64, 1, 438]
---------3-(25, 25)------------
[617, 12, 20, 201, 1, 17, 2, 57, 97, 14, 0, 13, 793, 10, 562, 9, 568, 0, 52, 1, 0, 3, 11, 46, 25, 252, 9, 3, 39, 20, 617, 22, 44, 59, 243, 12, 7, 3, 1, 0, 41, 0, 59, 13, 2, 665, 27, 6, 1, 61]
[1395, 303, 45, 201, 1887, 17, 9, 57, 881, 178, 0, 33, 793, 10, 562, 9, 568, 43, 52, 1, 169, 431, 522, 152, 25, 252, 9, 177, 1190, 659, 1504, 21, 865, 828, 628, 528, 925, 3, 1, 3921, 41, 25, 3714, 13, 2, 665, 27, 757, 1, 61]
---------3-(26, 26)------------
[1, 82, 0, 2481, 9, 1, 27, 2, 41, 10, 16, 2, 13, 2, 9, 18, 2, 13, 59, 24, 44, 2, 154, 620, 81, 0, 582, 81, 3658, 9, 18, 0, 24, 52, 131, 308, 16, 399, 16, 312, 3, 5670, 3258, 334, 13, 221, 10, 700, 78, 16]
[88, 117, 3016, 2481, 9, 1, 304, 2, 103, 1, 16, 2, 192, 2, 9, 23, 9, 69, 181, 181, 154, 2, 154, 620, 81, 49, 2216, 74, 3658, 9, 18, 210, 24, 52, 131, 2803, 16, 399, 16, 312, 3, 5670, 3258, 334, 1105, 221, 0, 700, 78, 16]
---------3-(27, 27)------------
[24, 0, 55, 2282, 81, 1, 9, 254, 39, 146, 17, 13, 31, 2, 30, 0, 962, 9, 13, 101, 1, 126, 5, 3478, 88, 3, 385, 0, 0, 49, 9, 1, 91, 84, 140, 10, 192, 9, 6, 3, 56, 9, 4596, 4245, 15, 9, 313, 15, 0, 1]
[5, 101, 273, 2282, 81, 43, 90, 254, 864, 146, 17, 13, 578, 2, 30, 169, 962, 9, 350, 101, 434, 126, 6358, 3478, 88, 3, 385, 223, 4, 2726, 48, 34, 91, 84, 812, 10, 192, 327, 236, 3, 2932, 76, 4596, 4245, 402, 9, 458, 15, 1984, 4389]
---------3-(28, 28)------------
[131, 88, 127, 15, 0, 15, 18, 113, 27, 5, 10, 29, 9, 3, 1, 156, 558, 11, 1, 1, 33, 17, 13, 41, 3, 92, 5722, 46, 13, 29, 2, 101, 127, 10, 444, 3, 2, 189, 148, 12, 44, 1, 38, 1, 31, 1, 91, 17, 31, 2]
[131, 2395, 127, 15, 585, 83, 3223, 113, 27, 5920, 10, 29, 9, 3, 1, 156, 558, 2603, 1, 1, 33, 17, 839, 2097, 3, 92, 5722, 46, 2951, 29, 2, 101, 127, 10, 15, 3, 2, 189, 148, 26, 225, 1, 1486, 14, 823, 1, 91, 8, 793, 2]
---------3-(29, 29)------------
[3, 204, 1, 477, 3, 91, 576, 1, 0, 108, 1, 8, 1, 1, 3, 3, 3, 7, 177, 4, 121, 15, 23, 3, 17, 10, 15, 33, 14, 2932, 5, 667, 91, 10, 204, 157, 0, 1, 58, 3082, 3, 7, 12, 4, 88, 3, 22, 17, 91, 8]
[3, 566, 1, 477, 3, 337, 576, 1, 0, 1342, 2435, 200, 1540, 1, 521, 3, 4, 20, 177, 33, 696, 589, 23, 3, 17, 10, 24, 33, 14, 2932, 5, 667, 91, 58, 78, 1719, 0, 24, 2606, 2565, 3, 20, 14, 21, 88, 3, 22, 17, 91, 6943]