
---------30-(0, 0)------------
[371, 24, 19, 19, 9, 635, 19, 24, 40, 40, 24, 24, 490, 19, 32, 1407, 40, 538, 545, 70, 19, 19, 538, 19, 75, 19, 1348, 24, 199, 22369, 13243, 19, 40, 40, 40, 8106, 40, 40, 24, 545, 18947, 24, 40, 24, 87, 495, 115, 53, 1951, 40]
[371, 3195, 5317, 19, 9, 635, 1041, 2007, 24, 24, 70, 4631, 490, 2910, 32, 1407, 2224, 2224, 545, 70, 2485, 299, 19, 19, 1025, 9, 1348, 1554, 199, 22369, 13243, 2177, 2451, 17147, 40, 8106, 2038, 1251, 292, 545, 18947, 25, 5391, 2357, 12226, 11251, 115, 53, 1951, 1951]
---------30-(1, 1)------------
[169, 263, 2281, 1350, 265, 263, 75, 368, 33, 194, 16763, 19, 18947, 19, 32, 32, 3, 3, 569, 105, 2082, 19, 292, 70, 70, 838, 24, 258, 299, 9, 258, 2281, 263, 19, 21, 263, 19, 3, 538, 31, 3039, 308, 40, 13982, 694, 301, 18947, 538, 1721, 1721]
[169, 1761, 2281, 1350, 265, 1410, 75, 368, 33, 2528, 16763, 299, 18947, 270, 0, 33, 672, 800, 569, 105, 2082, 5317, 40, 740, 70, 838, 1673, 258, 299, 5867, 258, 2281, 263, 696, 2190, 263, 19, 266, 1078, 31, 3039, 168, 2158, 13982, 694, 1066, 9, 518, 1721, 1721]
---------30-(2, 2)------------
[299, 19, 19, 75, 19, 269, 113, 18947, 3113, 12, 40, 24, 1049, 200, 40, 19, 68, 1884, 24, 9, 18947, 538, 5308, 75, 19, 9, 40, 2433, 577, 988, 1413, 1413, 359, 105, 2082, 3279, 43, 1751, 857, 2806, 3550, 2006, 696, 320, 1810, 266, 24, 33, 1757, 1592]
[299, 19, 19, 9, 19, 269, 2905, 18947, 3113, 12, 12, 4102, 194, 735, 40, 302, 308, 1884, 1884, 17, 18947, 9, 5308, 75, 19, 1028, 40, 2433, 577, 988, 1413, 1413, 359, 105, 2082, 3279, 553, 1751, 857, 2806, 104, 3388, 696, 320, 1810, 266, 3224, 4549, 1757, 803]
---------30-(3, 3)------------
[3, 190, 18947, 19, 299, 9, 538, 9, 4149, 190, 40, 19, 19, 19, 9, 102, 40, 263, 24, 9, 75, 75, 19, 19, 6485, 301, 538, 18947, 18947, 694, 19, 4714, 40, 1233, 40, 3, 8483, 2553, 199, 392, 2082, 199, 577, 40, 41, 988, 41, 9, 9, 13349]
[10, 7182, 18947, 19, 299, 1063, 1063, 1063, 4149, 5741, 10, 19, 19, 19, 102, 102, 24, 11472, 24, 10504, 75, 75, 1066, 1010, 6485, 301, 7511, 1066, 6485, 694, 19, 4714, 2449, 1233, 3, 3, 8483, 2553, 199, 857, 2082, 327, 577, 41, 40, 988, 40, 9, 18, 13349]
---------30-(4, 4)------------
[3687, 40, 1067, 24, 41, 26, 1067, 19, 9, 538, 538, 18947, 18947, 538, 538, 19, 266, 263, 263, 35, 35, 41, 1075, 98, 41, 0, 0, 24, 1251, 24, 41, 192, 75, 192, 75, 263, 75, 1101, 71, 35, 19, 19, 538, 21, 19, 19, 538, 495, 495, 9]
[3687, 40, 1067, 1243, 26, 1075, 43, 317, 58, 265, 265, 18947, 18947, 538, 706, 266, 266, 263, 263, 35, 35, 0, 1075, 98, 41, 0, 0, 24, 1251, 24, 24, 192, 75, 192, 75, 40, 75, 1101, 75, 35, 73, 73, 21, 21, 1018, 654, 265, 495, 495, 9]
---------30-(5, 5)------------
[545, 1841, 545, 41, 168, 33, 33, 75, 538, 320, 19, 19, 200, 1074, 43, 6027, 24, 24, 577, 194, 19, 41, 988, 9, 306, 309, 24, 2131, 569, 25, 340, 495, 87, 387, 387, 18947, 738, 24, 40, 5250, 10, 18947, 41, 1275, 200, 24, 149, 40, 2177, 40]
[545, 1841, 545, 41, 2082, 1169, 2082, 75, 305, 320, 8221, 299, 200, 4149, 754, 6027, 4549, 577, 577, 194, 1375, 41, 988, 305, 19, 309, 1996, 2131, 569, 25, 5391, 25, 87, 387, 341, 18947, 738, 24, 40, 51, 10, 18947, 40, 1275, 1275, 31, 25, 12933, 8513, 40]
---------30-(6, 6)------------
[569, 75, 10700, 40, 15, 2516, 1977, 33, 299, 269, 1028, 24, 7932, 607, 4101, 40, 6844, 2427, 32, 1330, 41, 538, 40, 152, 43, 1951, 2082, 24, 249, 292, 24, 19, 19, 248, 104, 98, 33, 33, 395, 2548, 538, 265, 538, 538, 75, 19, 1018, 4033, 24, 1251]
[569, 10700, 10700, 40, 15, 2516, 1977, 35, 299, 269, 1028, 199, 7932, 607, 4101, 23, 6844, 6844, 32, 1330, 1813, 6434, 112, 152, 43, 1951, 2082, 2082, 249, 2082, 2082, 260, 19, 22411, 2741, 98, 33, 33, 395, 1109, 6485, 265, 192, 538, 260, 305, 1018, 194, 24, 1251]
---------30-(7, 7)------------
[75, 301, 19, 19, 538, 3536, 32, 32, 1424, 2876, 552, 1101, 35, 22421, 62, 1842, 38, 1842, 24, 35, 43, 35, 40, 260, 19, 1101, 40, 75, 32, 40, 41, 988, 33, 98, 33, 19, 19, 12, 1684, 4128, 169, 652, 75, 19, 75, 19, 19, 19, 1977, 151]
[379, 301, 19, 379, 301, 3536, 32, 32, 1424, 2876, 1424, 1977, 35, 22421, 62, 1842, 430, 1842, 24, 43, 7261, 35, 75, 58, 40, 1101, 1101, 75, 32, 33, 41, 0, 33, 32, 33, 2528, 680, 2026, 1684, 4128, 446, 652, 75, 19, 75, 19, 19, 19, 1977, 151]
---------30-(8, 8)------------
[32, 0, 0, 14231, 32, 40, 0, 32, 98, 24, 19, 9, 1147, 569, 14839, 33, 40, 32, 33, 32, 33, 32, 32, 0, 0, 32, 33, 32, 32, 24, 1075, 75, 75, 21, 75, 21, 19, 40, 33, 40, 1911, 33, 32, 0, 33, 32, 98, 33, 0, 32]
[32, 0, 33, 14231, 1911, 40, 0, 1911, 98, 2189, 19, 301, 1147, 569, 14839, 0, 40, 32, 33, 32, 33, 23, 9647, 0, 0, 32, 33, 32, 40, 24, 7966, 301, 75, 21, 21, 21, 19, 292, 66, 24, 1911, 33, 32, 0, 33, 98, 98, 33, 0, 32]
---------30-(9, 9)------------
[1067, 248, 292, 265, 21, 378, 260, 19, 260, 538, 265, 9, 17, 538, 4306, 33, 43, 19, 1028, 75, 1075, 19, 19, 75, 19, 19, 75, 21, 9, 19, 1018, 19, 12, 32, 33, 755, 755, 51, 3663, 10205, 2543, 673, 324, 70, 26, 292, 70, 26, 4328, 70]
[1067, 24, 292, 265, 378, 378, 19, 262, 260, 538, 538, 9, 266, 21, 7245, 2053, 43, 19, 1028, 75, 1075, 19, 2301, 2301, 19, 19, 75, 21, 9, 299, 1018, 696, 680, 32, 33, 755, 755, 51, 3663, 10205, 2543, 673, 324, 38, 3285, 40, 38, 3285, 4328, 70]
---------30-(10, 10)------------
[24, 3, 2283, 27, 26, 19, 419, 33, 248, 532, 1018, 19, 19, 18947, 1449, 98, 19, 263, 538, 3, 656, 75, 263, 265, 649, 262, 19, 538, 263, 5134, 492, 19, 1063, 3789, 9, 324, 937, 33, 248, 292, 292, 149, 3, 1683, 199, 7025, 24, 43, 24, 149]
[6501, 17504, 2283, 7025, 754, 299, 419, 1810, 50, 532, 1018, 19, 19, 66, 0, 388, 19, 263, 538, 649, 656, 1750, 656, 1750, 649, 262, 1018, 9886, 265, 5134, 492, 19, 1063, 3789, 192, 324, 211, 2082, 3336, 292, 16952, 683, 3, 1683, 199, 324, 24, 43, 2007, 149]
---------30-(11, 11)------------
[1063, 19, 19, 262, 260, 19, 19, 19, 9, 379, 19, 19, 1075, 1067, 1231, 203, 21, 17041, 35, 9, 538, 19, 538, 21, 2568, 3397, 2568, 40, 24, 19, 19, 4, 538, 4, 4, 868, 868, 868, 1803, 200, 19, 75, 12, 40, 12, 32, 0, 9, 15504, 22465]
[1063, 19, 299, 262, 260, 1018, 19, 19, 9, 379, 260, 19, 1075, 1067, 1231, 203, 21, 17041, 339, 3694, 946, 320, 265, 21, 2049, 3397, 2828, 19909, 7, 19, 21, 483, 2165, 11692, 6849, 3178, 868, 868, 1803, 200, 1018, 75, 7984, 4306, 12, 98, 0, 19, 15504, 22465]
---------30-(12, 12)------------
[4063, 169, 1518, 948, 1407, 104, 19, 19, 18947, 18947, 18947, 538, 18947, 651, 5036, 18947, 838, 40, 70, 76, 32, 1561, 24, 33, 43, 26, 40, 33, 24, 0, 19, 320, 263, 8009, 75, 8009, 75, 2284, 299, 19, 10, 488, 1075, 19, 3773, 519, 16825, 260, 265, 1411]
[98, 32, 1518, 948, 296, 70, 19, 19, 18947, 18947, 18947, 538, 1023, 651, 838, 18947, 838, 40, 70, 40, 349, 1561, 24, 43, 43, 8964, 10, 33, 24, 0, 19, 320, 2284, 8009, 75, 8009, 75, 2284, 299, 19, 3038, 24, 1471, 569, 3773, 519, 16825, 260, 1411, 1411]
---------30-(13, 13)------------
[41, 1067, 1067, 2314, 538, 538, 75, 19, 75, 19, 75, 19, 19, 24, 660, 3, 40, 24, 40, 263, 24, 35, 681, 33, 4490, 282, 392, 4691, 948, 26, 4691, 26, 17041, 43, 276, 40, 19, 75, 538, 265, 33, 32, 33, 33, 169, 130, 3017, 43, 3102, 22491]
[41, 1375, 1067, 2314, 706, 269, 75, 19, 320, 320, 19, 9, 1018, 2314, 660, 2283, 200, 24, 470, 24, 24, 419, 681, 725, 4490, 282, 169, 4691, 282, 1050, 4691, 857, 17041, 40, 276, 40, 299, 4742, 538, 265, 0, 98, 33, 33, 169, 2813, 3017, 3, 3102, 22491]
---------30-(14, 14)------------
[98, 0, 43, 146, 24, 1075, 33, 19, 877, 75, 11687, 10, 43, 10, 169, 43, 2281, 263, 263, 75, 2281, 24, 2314, 3114, 4490, 26, 282, 43, 26, 26, 33, 33, 10, 1951, 18947, 41, 2082, 19, 2082, 19, 3306, 492, 9, 75, 18947, 538, 2876, 248, 544, 250]
[98, 0, 87, 146, 24, 1075, 10, 9, 877, 263, 11687, 10, 43, 10, 169, 730, 2281, 263, 6507, 75, 2281, 24, 2314, 3114, 4490, 4490, 282, 43, 10, 1075, 33, 33, 10, 1951, 18947, 41, 2082, 351, 2082, 260, 3306, 404, 9, 1063, 18947, 19, 2876, 2377, 544, 250]
---------30-(15, 15)------------
[1075, 19, 538, 75, 538, 896, 309, 733, 527, 43, 31, 43, 43, 1243, 6870, 24, 18947, 19, 3594, 19, 4306, 12, 577, 70, 2082, 1951, 24, 14433, 18947, 18947, 4952, 17, 9, 18947, 75, 35, 87, 31, 301, 43, 43, 43, 309, 538, 269, 265, 19, 4597, 265, 301]
[11687, 21, 1410, 75, 320, 896, 309, 733, 955, 1067, 1067, 43, 43, 1243, 6870, 35, 18947, 4092, 3594, 6238, 74, 7245, 40, 282, 2082, 1951, 21994, 14433, 18947, 18947, 4952, 4952, 9, 18947, 75, 31, 87, 31, 40, 87, 75, 75, 309, 269, 269, 265, 19, 4597, 265, 7606]
---------30-(16, 16)------------
[169, 24, 4634, 1977, 32, 275, 1977, 35, 87, 40, 40, 730, 39, 26, 1002, 248, 43, 544, 43, 292, 31, 544, 43, 43, 43, 43, 43, 43, 43, 31, 40, 6012, 8965, 41, 1067, 1067, 1067, 1067, 1067, 33, 40, 40, 24, 24, 43, 75, 22529, 18673, 22529, 538]
[169, 1067, 4634, 772, 33, 275, 1977, 35, 87, 40, 40, 730, 39, 26, 1002, 248, 31, 544, 1002, 292, 31, 544, 1002, 292, 248, 544, 1002, 292, 248, 31, 43, 6012, 8965, 12973, 1067, 12973, 1067, 8965, 1067, 10834, 12865, 40, 24, 40, 293, 18673, 22529, 18673, 22529, 351]
---------30-(17, 17)------------
[19, 19, 9, 9, 1059, 21, 24, 75, 622, 21, 21, 10, 24, 24, 24, 41, 2049, 1813, 725, 41, 102, 194, 12, 75, 75, 301, 731, 78, 78, 19, 19, 532, 3439, 19, 538, 1813, 7985, 10778, 19, 943, 292, 40, 1169, 538, 19, 320, 9, 19, 263, 538]
[19, 299, 4346, 4346, 1059, 622, 622, 75, 622, 21, 19, 17739, 24, 24, 24, 1739, 2049, 1813, 2049, 1895, 102, 194, 12, 10880, 1101, 731, 731, 263, 719, 19, 19, 532, 3439, 275, 538, 7985, 7985, 10778, 7517, 943, 1407, 2485, 1169, 5994, 19, 320, 1063, 19, 263, 75]
---------30-(18, 18)------------
[538, 18947, 5809, 19, 108, 317, 19, 19, 19, 299, 19, 3336, 19, 20353, 538, 538, 538, 24, 9, 538, 19, 19, 40, 483, 1067, 1067, 368, 368, 24, 9011, 19, 18947, 260, 696, 305, 18947, 483, 6270, 6270, 870, 309, 483, 483, 440, 98, 0, 40, 32, 43, 43]
[538, 18947, 5809, 5809, 108, 317, 260, 19, 2092, 299, 19, 3336, 19, 20353, 75, 538, 203, 24, 9, 538, 8231, 19, 41, 948, 1067, 26, 368, 368, 24, 19, 19, 18947, 262, 696, 305, 21, 4, 6270, 6270, 870, 870, 483, 440, 440, 98, 0, 40, 40, 99, 115]
---------30-(19, 19)------------
[24, 43, 12, 8442, 33, 40, 641, 556, 118, 18947, 0, 169, 24, 40, 40, 3891, 19870, 3663, 368, 24, 24, 24, 1051, 98, 33, 3773, 292, 2082, 985, 446, 246, 3, 70, 11033, 538, 75, 18089, 10391, 18947, 2009, 5055, 1613, 228, 2438, 25, 25, 25, 2165, 342, 22551]
[43, 1067, 3174, 8442, 33, 641, 641, 10781, 118, 18947, 33, 169, 686, 40, 40, 3891, 19870, 3663, 368, 24, 24, 24, 1051, 98, 33, 3773, 2246, 2082, 159, 739, 246, 159, 2081, 11033, 538, 75, 18089, 10391, 18947, 2009, 5055, 5055, 228, 2438, 24, 25, 2165, 2165, 342, 22551]
---------30-(20, 20)------------
[98, 33, 33, 32, 169, 24, 1977, 395, 0, 1977, 395, 98, 33, 316, 98, 98, 33, 24, 1543, 24, 21, 24, 3176, 40, 33, 33, 98, 292, 104, 193, 40, 1407, 40, 1380, 2281, 317, 276, 1064, 18839, 2876, 2016, 263, 19, 2699, 2699, 40, 2177, 2177, 24, 6535]
[98, 33, 33, 32, 169, 24, 1977, 395, 0, 1977, 395, 98, 33, 316, 98, 98, 0, 40, 1543, 3724, 1410, 40, 3176, 5895, 33, 33, 98, 1407, 70, 193, 1495, 6748, 11560, 1380, 2281, 317, 276, 1064, 18839, 2876, 2016, 263, 19, 4294, 2832, 2832, 2177, 2177, 24, 6535]
---------30-(21, 21)------------
[98, 0, 3, 3027, 98, 0, 98, 0, 9, 19, 9, 19, 32, 40, 40, 740, 200, 32, 40, 263, 538, 194, 194, 32, 33, 98, 2259, 1067, 32, 0, 19, 21, 15654, 146, 18947, 40, 40, 43, 1564, 3, 32, 33, 98, 98, 33, 0, 152, 200, 149, 316]
[98, 0, 1263, 1299, 98, 0, 98, 0, 9, 19, 9, 12807, 32, 17837, 6612, 740, 11161, 316, 40, 263, 21, 194, 7779, 32, 33, 23, 0, 1067, 98, 0, 19, 21, 15654, 16655, 18947, 43, 740, 43, 1564, 17835, 32, 33, 98, 98, 33, 0, 1067, 200, 149, 316]
---------30-(22, 22)------------
[4391, 169, 169, 1018, 1018, 75, 192, 75, 75, 75, 21, 371, 35, 430, 1198, 10, 40, 4565, 75, 14019, 316, 32, 33, 0, 19, 538, 150, 24, 40, 4063, 4603, 24, 98, 33, 324, 324, 545, 12, 40, 70, 1052, 19, 24, 19, 203, 1023, 21, 258, 647, 199]
[4391, 17862, 17862, 1063, 1018, 75, 192, 75, 75, 192, 21, 372, 35, 430, 1198, 10, 40, 4565, 169, 14019, 316, 32, 33, 0, 19, 538, 150, 24, 40, 4063, 4603, 33, 98, 33, 6304, 324, 545, 12, 3926, 12900, 1052, 16, 35, 19, 203, 1023, 21, 258, 647, 199]
---------30-(23, 23)------------
[730, 7975, 40, 40, 1067, 40, 1002, 0, 538, 538, 19, 19, 299, 538, 19, 9, 9, 194, 680, 19, 696, 12, 211, 41, 0, 40, 26, 19, 35, 75, 19, 538, 19, 75, 19, 538, 263, 75, 651, 19, 24, 41, 115, 1375, 0, 33, 32, 33, 32, 3140]
[3140, 7975, 40, 40, 1067, 40, 1002, 1002, 1464, 265, 19, 19, 299, 1018, 19, 19, 9, 194, 1684, 696, 696, 12, 169, 41, 1075, 40, 1075, 299, 35, 12400, 2459, 3905, 19, 75, 263, 21, 192, 75, 651, 651, 1449, 470, 24, 1375, 0, 33, 98, 33, 41, 3140]
---------30-(24, 24)------------
[24, 24, 24, 838, 98, 0, 32, 368, 33, 40, 24, 538, 1134, 19, 895, 895, 286, 292, 70, 40, 19, 292, 1951, 296, 19, 9, 305, 2377, 2009, 17057, 7255, 158, 98, 0, 43, 70, 538, 538, 265, 19, 538, 115, 115, 3, 35, 440, 24, 1519, 19, 483]
[4128, 24, 24, 838, 98, 0, 32, 368, 695, 40, 24, 317, 1134, 19, 895, 3102, 15941, 1951, 70, 1951, 19, 1951, 1951, 16426, 19, 102, 305, 2377, 1710, 17057, 895, 158, 41, 0, 43, 70, 263, 75, 320, 320, 9011, 115, 115, 470, 35, 440, 22621, 1519, 1519, 483]
---------30-(25, 25)------------
[3638, 21, 75, 19, 39, 39, 166, 193, 40, 18947, 22628, 199, 1550, 2892, 3647, 228, 24, 18947, 75, 538, 538, 255, 19, 19, 17926, 3, 9, 9, 9, 19, 696, 538, 538, 429, 19, 19, 75, 19, 305, 35, 6791, 22625, 9, 102, 18947, 18947, 868, 735, 870, 2462]
[3638, 21, 75, 19, 31, 39, 5323, 31, 50, 18947, 22628, 4446, 1217, 2892, 3647, 228, 24, 18947, 21, 1008, 305, 255, 299, 518, 17926, 317, 9, 73, 1028, 19, 696, 21, 429, 429, 19, 19, 75, 19, 305, 275, 6791, 22625, 18, 102, 18947, 18947, 3, 346, 483, 2462]
---------30-(26, 26)------------
[40, 24, 2280, 40, 0, 75, 75, 299, 19, 19, 19, 9, 19, 19, 41, 339, 13181, 430, 24, 24, 169, 169, 169, 16886, 24, 316, 33, 1334, 324, 40, 838, 2876, 70, 2384, 40, 26, 40, 57, 269, 9, 19, 75, 250, 19, 968, 40, 1813, 40, 40, 12]
[634, 24, 2280, 32, 15455, 75, 75, 299, 19, 305, 305, 1718, 19, 275, 17945, 339, 13181, 430, 2608, 7223, 169, 4691, 2363, 16886, 287, 316, 33, 1334, 324, 2876, 10933, 368, 1278, 2082, 40, 1169, 40, 57, 269, 9, 19, 19, 250, 250, 968, 3368, 1813, 1067, 40, 12]
---------30-(27, 27)------------
[1813, 9, 75, 260, 1381, 40, 26, 40, 40, 3, 39, 43, 43, 43, 43, 263, 263, 24, 43, 292, 296, 296, 43, 40, 248, 40, 40, 41, 41, 41, 24, 6124, 31, 31, 7007, 24, 41, 43, 4490, 43, 4970, 1577, 40, 40, 43, 43, 40, 70, 263, 18947]
[304, 19, 2281, 19, 1381, 40, 406, 40, 3, 3, 39, 248, 544, 24, 43, 292, 544, 24, 43, 292, 248, 24, 43, 292, 248, 544, 43, 292, 248, 544, 24, 6124, 31, 5465, 7007, 419, 754, 43, 4490, 43, 4970, 1577, 17991, 4546, 40, 1067, 40, 1468, 263, 18947]
---------30-(28, 28)------------
[43, 248, 1224, 3039, 75, 71, 1197, 168, 21, 75, 693, 21, 75, 263, 248, 19, 19, 21, 712, 21, 5601, 3102, 41, 0, 2053, 530, 26, 149, 31, 43, 24, 24, 31, 0, 22654, 19, 538, 19, 299, 693, 9, 693, 18947, 19, 75, 19, 263, 199, 43, 24]
[169, 248, 1224, 3039, 75, 71, 1197, 24, 21, 693, 693, 21, 1063, 263, 75, 299, 19, 21, 712, 21, 5601, 3998, 98, 0, 5776, 530, 26, 43, 43, 43, 134, 1812, 33, 0, 22654, 19, 1025, 19, 299, 693, 21, 693, 18947, 19, 260, 19, 27, 199, 2876, 24]
---------30-(29, 29)------------
[483, 4672, 870, 24, 137, 169, 169, 152, 2477, 169, 3757, 4210, 3997, 1067, 2631, 70, 51, 7025, 1449, 33, 1977, 6521, 41, 33, 41, 137, 137, 32, 24, 33, 538, 19, 19, 0, 33, 0, 406, 406, 71, 4553, 43, 19, 19, 19, 538, 538, 19, 4128, 169, 169]
[440, 4672, 440, 40, 2865, 2406, 1586, 152, 2477, 169, 3757, 4210, 115, 3716, 7308, 5317, 51, 27, 7613, 33, 1977, 6521, 41, 41, 41, 0, 13718, 32, 0, 40, 21, 19, 299, 0, 0, 0, 339, 3113, 4553, 4553, 22662, 19, 19, 305, 263, 538, 4597, 4128, 4128, 50]