
---------30-(0, 0)------------
[3172, 19, 75, 18947, 6808, 6075, 40, 40, 538, 19, 538, 19, 227, 19, 518, 3131, 19, 19, 302, 263, 538, 19, 19, 75, 19, 19, 21, 40, 18048, 1375, 1813, 40, 19, 19, 1613, 1613, 40, 40, 24, 24, 19, 19, 19, 19, 19, 24, 199, 199, 8106, 40]
[3172, 1164, 308, 18947, 6808, 6075, 308, 308, 3131, 9, 1016, 317, 227, 540, 518, 3131, 9, 1016, 302, 263, 102, 19, 18, 75, 19, 696, 21, 18049, 18048, 1375, 1813, 1813, 1813, 18825, 1613, 1613, 41, 41, 41, 24, 41, 104, 262, 19, 299, 18050, 199, 199, 8106, 3]
---------30-(1, 1)------------
[19, 1063, 538, 19, 9, 263, 301, 306, 263, 24, 538, 75, 9, 9, 115, 35, 115, 470, 1043, 301, 35, 19, 24, 19, 18947, 306, 263, 21, 276, 6733, 299, 9, 13409, 538, 9, 379, 19, 9, 9, 18947, 19, 538, 265, 19, 32, 33, 12094, 24, 104, 2485]
[1018, 1063, 302, 192, 404, 263, 407, 306, 263, 4742, 22677, 1063, 1344, 1063, 115, 35, 115, 470, 8983, 16583, 35, 19, 1067, 19, 18947, 306, 263, 21, 276, 6733, 299, 13409, 13409, 299, 9, 379, 260, 9, 19, 18947, 19, 265, 265, 19, 32, 2915, 12094, 8946, 104, 2485]
---------30-(2, 2)------------
[19, 19, 538, 194, 19, 1916, 19, 19, 19, 856, 317, 9, 19, 19, 19, 19, 3638, 538, 9, 40, 35, 40, 7, 395, 1977, 1977, 395, 1977, 1101, 24, 43, 0, 75, 1018, 317, 948, 19, 40, 19, 19, 868, 1519, 870, 870, 483, 11692, 286, 538, 538, 538]
[320, 320, 19, 194, 19, 1916, 19, 19, 19, 856, 317, 8262, 19, 19, 260, 19, 3638, 538, 19, 35, 35, 7779, 195, 395, 8031, 1977, 395, 395, 6521, 948, 43, 0, 21, 1018, 317, 948, 19, 737, 440, 1373, 1519, 1519, 868, 870, 1181, 11692, 286, 5201, 19, 538]
---------30-(3, 3)------------
[40, 577, 3400, 40, 40, 577, 40, 12, 24, 24, 1810, 1063, 1018, 655, 538, 1823, 98, 0, 169, 24, 19, 19, 19, 19, 6485, 320, 19, 731, 0, 32, 40, 2548, 3, 292, 1495, 3336, 19, 70, 306, 19, 19, 19, 538, 5570, 906, 199, 40, 40, 5621, 0]
[40, 577, 3400, 577, 17343, 577, 40, 12, 24, 1810, 1810, 1063, 1018, 655, 1410, 1823, 98, 0, 169, 686, 19, 19, 696, 7967, 6485, 2613, 19, 731, 0, 24, 40, 2548, 3, 292, 1495, 70, 70, 70, 306, 19, 19, 19, 6485, 14475, 906, 199, 988, 577, 5621, 2350]
---------30-(4, 4)------------
[260, 988, 577, 19, 19, 75, 260, 9, 1158, 40, 870, 308, 40, 18137, 11783, 0, 0, 3973, 292, 1951, 4614, 19, 1847, 5658, 24, 538, 9, 19, 75, 75, 263, 263, 725, 725, 275, 19, 19, 260, 19, 530, 40, 70, 40, 466, 544, 70, 248, 248, 5947, 19]
[260, 988, 577, 302, 19, 75, 260, 1065, 1158, 1299, 169, 308, 4985, 18137, 11783, 577, 988, 3973, 70, 292, 4614, 4779, 1847, 5658, 317, 258, 9, 275, 9, 75, 3, 263, 650, 276, 275, 299, 19, 260, 22696, 878, 4802, 1407, 2177, 466, 40, 70, 25, 2038, 5947, 2165]
---------30-(5, 5)------------
[194, 24, 1134, 70, 2412, 4149, 641, 19, 24, 18947, 1018, 19, 1352, 305, 19, 19, 265, 19, 19, 9, 19, 19, 19, 19, 18947, 19, 1449, 24, 1977, 33, 573, 24, 40, 18165, 24, 24, 392, 1951, 24, 1951, 1951, 351, 75, 75, 18947, 19, 8075, 538, 538, 18947]
[194, 2769, 1375, 1375, 2412, 8388, 641, 285, 1652, 21, 1018, 19, 1352, 305, 299, 19, 1064, 1064, 19, 9, 655, 655, 19, 19, 18947, 538, 1449, 1449, 1977, 33, 573, 18810, 22705, 18165, 24, 13544, 392, 1951, 2082, 1951, 1330, 351, 1664, 203, 18947, 540, 8075, 540, 8075, 18947]
---------30-(6, 6)------------
[40, 4549, 24, 24, 24, 24, 75, 26, 115, 31, 40, 24, 2369, 12, 40, 724, 33, 249, 12, 248, 12, 26, 1067, 40, 24, 24, 731, 1054, 75, 19, 1018, 1018, 302, 24, 2082, 104, 3336, 1231, 104, 24, 292, 19, 18947, 296, 70, 9, 192, 3, 21, 192]
[40, 4549, 7083, 296, 2707, 6145, 75, 26, 115, 35, 18196, 1027, 292, 43, 32, 724, 724, 249, 12, 4063, 248, 1067, 569, 40, 24, 24, 731, 1054, 75, 19, 1018, 262, 302, 24, 2082, 104, 3336, 3316, 104, 44, 292, 5994, 18947, 296, 1169, 651, 3536, 21, 378, 192]
---------30-(7, 7)------------
[40, 24, 248, 292, 1971, 2280, 532, 75, 40, 538, 18947, 538, 19, 3532, 292, 3, 538, 19, 538, 19, 178, 21, 26, 404, 26, 75, 26, 75, 9, 6235, 19, 1018, 9, 299, 19, 1058, 87, 286, 4517, 4517, 988, 577, 1518, 948, 1176, 4149, 18223, 221, 43, 43]
[40, 43, 4609, 292, 1971, 2280, 532, 75, 35, 538, 18947, 700, 538, 12400, 1356, 12400, 538, 6486, 704, 19, 178, 34, 26, 26, 26, 75, 263, 276, 1066, 6235, 19, 1018, 255, 299, 19, 1058, 87, 1683, 4517, 4517, 988, 2718, 1518, 948, 1176, 170, 18223, 17456, 18223, 18223]
---------30-(8, 8)------------
[40, 24, 19, 19, 19, 19, 305, 19, 19, 19, 75, 19, 40, 265, 19, 75, 75, 19, 265, 19, 9, 492, 9, 19, 6485, 538, 429, 19, 9, 9, 1028, 40, 31, 695, 43, 263, 263, 19, 263, 302, 302, 31, 35, 75, 9, 306, 19, 762, 40, 5866]
[309, 2281, 21, 1020, 317, 19, 305, 19, 19, 19, 75, 19, 19, 265, 299, 75, 419, 19, 265, 9, 1066, 492, 9, 320, 6485, 263, 429, 305, 9, 1028, 1028, 2108, 730, 695, 4638, 655, 538, 263, 263, 302, 302, 43, 35, 492, 265, 306, 19, 762, 13213, 5866]
---------30-(9, 9)------------
[33, 1977, 33, 1977, 1067, 33, 75, 538, 21, 265, 18947, 75, 19, 18947, 18947, 538, 1018, 19, 19, 19, 19, 19, 2092, 149, 6376, 3884, 50, 24, 1101, 33, 538, 9, 19, 538, 538, 24, 948, 40, 3039, 3039, 2958, 33, 40, 286, 40, 18274, 43, 299, 8322, 16406]
[0, 1977, 33, 1977, 1067, 24, 75, 1410, 21, 265, 18947, 3986, 305, 18947, 18947, 317, 1018, 19, 301, 19, 19, 320, 2092, 149, 6376, 3884, 50, 8629, 1101, 33, 270, 270, 6857, 378, 6857, 6429, 948, 2958, 3039, 3039, 2958, 988, 32, 286, 430, 18274, 309, 299, 8322, 16406]
---------30-(10, 10)------------
[19, 19, 538, 18947, 19, 43, 43, 75, 31, 40, 1424, 19, 22, 22, 1443, 1977, 0, 1977, 0, 41, 1977, 0, 1977, 33, 19, 19, 299, 40, 24, 33, 43, 1977, 0, 40, 40, 112, 104, 112, 24, 75, 1028, 319, 538, 18947, 696, 1054, 595, 3, 170, 170]
[19, 19, 265, 18947, 19, 31, 43, 75, 31, 40, 1424, 19, 22, 642, 1075, 1977, 0, 1977, 0, 41, 41, 0, 1977, 33, 75, 19, 299, 3174, 4179, 33, 43, 1977, 0, 32, 1067, 1847, 1847, 890, 2082, 75, 1028, 319, 538, 18947, 696, 1054, 5483, 2240, 170, 170]
---------30-(11, 11)------------
[194, 12, 530, 530, 2659, 3355, 2809, 538, 18947, 432, 75, 538, 1881, 263, 1810, 3789, 3789, 24, 19, 24, 43, 2707, 24, 19, 305, 9, 538, 19, 75, 21, 19, 429, 301, 265, 19, 302, 538, 538, 892, 35, 9, 538, 538, 43, 2575, 40, 43, 10915, 24, 8101]
[18359, 12, 2659, 3355, 2659, 3355, 2809, 22764, 538, 432, 1753, 4375, 1881, 40, 1810, 3789, 3789, 8587, 1884, 24, 2707, 2707, 24, 19, 305, 19, 75, 19, 75, 21, 21, 429, 704, 265, 1018, 302, 21, 1424, 892, 704, 75, 301, 538, 43, 2575, 1068, 43, 10915, 948, 8101]
---------30-(12, 12)------------
[2659, 166, 169, 2283, 169, 18947, 569, 2631, 3716, 35, 263, 538, 24, 73, 26, 75, 5329, 538, 538, 538, 1025, 1025, 538, 538, 19, 538, 19, 1018, 9, 75, 9, 19, 19, 9, 21, 21, 538, 19, 301, 301, 299, 756, 24, 1067, 32, 1977, 18947, 18947, 194, 194]
[2659, 166, 169, 2283, 169, 18947, 569, 4583, 3716, 35, 21, 21, 75, 73, 26, 75, 5329, 1352, 1025, 655, 1025, 1025, 1058, 265, 20275, 22779, 35, 1018, 538, 651, 9, 19, 19, 19, 1673, 21, 538, 429, 258, 429, 299, 24, 569, 1067, 32, 43, 18947, 18947, 194, 9006]
---------30-(13, 13)------------
[40, 15315, 70, 488, 40, 301, 265, 301, 373, 19, 407, 248, 75, 75, 3, 16171, 75, 211, 75, 1063, 1018, 538, 5655, 696, 41, 12, 70, 296, 296, 296, 26, 340, 2707, 7967, 40, 64, 40, 13493, 24, 275, 18947, 18947, 19, 948, 2958, 24, 3039, 3039, 2958, 33]
[15315, 15315, 70, 488, 40, 651, 265, 373, 373, 19, 407, 248, 16171, 136, 407, 16171, 75, 75, 248, 305, 1018, 538, 5655, 696, 41, 12, 340, 296, 4307, 2707, 340, 340, 7083, 7967, 368, 13493, 4522, 13493, 24, 275, 18947, 18947, 19, 948, 2958, 24, 40, 3039, 2958, 115]
---------30-(14, 14)------------
[538, 9, 9, 19, 3039, 2958, 115, 24, 40, 115, 317, 169, 24, 292, 18947, 19, 6762, 7025, 635, 6762, 271, 538, 24, 9, 19, 2865, 2865, 948, 11018, 538, 1622, 2477, 40, 18947, 868, 43, 33, 569, 10881, 948, 35, 2958, 2865, 1335, 4996, 5670, 5670, 70, 1836, 40]
[192, 9, 4377, 19, 3039, 2958, 115, 115, 1640, 115, 317, 169, 1251, 1550, 18947, 19, 6762, 192, 6762, 6762, 6762, 19582, 19582, 9, 19, 2865, 2865, 948, 11018, 2298, 1622, 2477, 40, 2436, 868, 40, 166, 569, 10881, 948, 948, 2958, 3039, 1335, 4996, 5670, 5670, 296, 1330, 2986]
---------30-(15, 15)------------
[1505, 2449, 24, 19, 19, 1014, 9, 102, 75, 24, 16965, 18947, 115, 40, 200, 24, 1325, 19, 1169, 292, 70, 1330, 292, 7827, 1975, 7827, 4779, 4779, 2082, 70, 40, 538, 19, 538, 538, 538, 19, 18947, 538, 1439, 1349, 301, 3, 1063, 9, 24, 538, 19, 19, 19]
[12272, 2449, 2543, 192, 265, 1014, 18, 102, 75, 115, 16965, 9, 24, 40, 24, 24, 1325, 10, 2082, 292, 70, 1951, 292, 7827, 1975, 7827, 4779, 7517, 5670, 2036, 1169, 301, 19, 694, 538, 1071, 302, 18947, 538, 1439, 1349, 1198, 1064, 1063, 9, 538, 538, 19, 299, 1063]
---------30-(16, 16)------------
[2228, 75, 19, 2989, 40, 1024, 19, 5329, 40, 9, 40, 2856, 19, 75, 102, 102, 838, 1941, 1907, 43, 8323, 40, 488, 1058, 657, 1058, 657, 102, 19, 19, 265, 21, 24, 262, 19, 19, 21, 21, 21, 19, 9, 18947, 18947, 538, 24, 24, 170, 21, 301, 538]
[2228, 75, 4766, 2989, 1024, 1024, 19, 5329, 1024, 9, 75, 9183, 9, 75, 102, 102, 913, 1941, 1907, 70, 8323, 948, 488, 1058, 657, 1058, 657, 102, 5655, 5655, 21, 21, 24, 262, 207, 6072, 21, 21, 21, 19, 9, 18947, 18947, 378, 24, 75, 170, 21, 622, 75]
---------30-(17, 17)------------
[98, 248, 98, 265, 518, 19, 305, 21, 19, 19, 19, 21, 263, 75, 9, 1018, 260, 19, 538, 18947, 75, 75, 538, 538, 538, 538, 19, 538, 530, 2412, 115, 2412, 26, 115, 0, 166, 41, 88, 7, 40, 24, 2248, 75, 1510, 3, 40, 70, 24, 1952, 62]
[98, 248, 98, 265, 518, 75, 305, 21, 19, 75, 21, 21, 263, 622, 1018, 1018, 260, 19, 19651, 18947, 75, 75, 265, 21, 1410, 265, 320, 21, 530, 2412, 530, 2412, 10915, 1043, 434, 434, 11929, 292, 22836, 40, 730, 43, 75, 1510, 292, 3126, 1510, 1762, 1952, 62]
---------30-(18, 18)------------
[169, 12, 2230, 194, 70, 40, 19, 24, 18538, 98, 260, 9, 9011, 19, 9, 19, 19, 19, 21, 538, 1024, 19, 19, 263, 21, 263, 19, 263, 21, 538, 305, 24, 40, 24, 296, 24, 24, 98, 248, 24, 43, 6206, 2322, 75, 40, 2036, 1169, 4320, 4320, 1951]
[2865, 296, 2230, 14610, 13748, 40, 19, 40, 18538, 18538, 7111, 9, 9011, 8221, 9, 19, 192, 622, 538, 538, 1024, 19, 270, 263, 192, 263, 10308, 263, 21, 305, 305, 368, 50, 248, 296, 2915, 1075, 1075, 248, 7269, 43, 6206, 2322, 166, 43, 2036, 1169, 4320, 4320, 1951]
---------30-(19, 19)------------
[1348, 9, 9, 317, 19, 260, 115, 1977, 115, 14830, 115, 595, 115, 1529, 19, 9, 19, 9, 19, 1018, 19, 1348, 1718, 538, 260, 19, 9, 538, 538, 538, 301, 538, 21, 538, 492, 260, 19, 538, 19, 19, 21, 21, 18947, 19, 263, 538, 538, 538, 19, 19]
[1348, 1028, 75, 317, 19, 19, 115, 1977, 166, 14830, 115, 307, 115, 1529, 19, 306, 19, 275, 207, 1018, 19, 1348, 1718, 538, 260, 19, 260, 265, 305, 305, 379, 694, 21, 265, 492, 118, 1018, 75, 299, 19, 21, 21, 18947, 1417, 263, 538, 538, 538, 19, 19]
---------30-(20, 20)------------
[169, 221, 3270, 2575, 3, 446, 492, 19, 1018, 24, 538, 260, 19, 19, 299, 1018, 265, 9806, 19, 195, 169, 24, 2865, 24, 221, 152, 1101, 530, 7827, 296, 1951, 70, 2994, 104, 5055, 1977, 0, 292, 292, 296, 19, 1075, 24, 88, 26, 11046, 18794, 19, 1485, 7]
[169, 221, 3270, 2575, 43, 2049, 492, 299, 1018, 260, 305, 305, 19, 19, 299, 1018, 265, 9806, 7984, 195, 169, 18604, 2865, 5448, 10870, 152, 1101, 777, 7827, 296, 70, 1169, 1951, 1397, 16510, 1101, 1640, 1951, 292, 70, 696, 1075, 248, 88, 26, 11046, 18794, 18794, 18794, 7]
---------30-(21, 21)------------
[75, 1977, 1640, 87, 75, 263, 263, 263, 276, 263, 731, 88, 40, 1974, 1164, 2177, 2007, 2007, 24, 324, 1075, 70, 24, 24, 248, 662, 1449, 538, 1018, 1018, 18947, 19, 18947, 75, 538, 194, 1449, 3154, 166, 166, 24, 324, 1067, 70, 70, 9806, 205, 1527, 19, 40]
[75, 1977, 679, 87, 75, 7866, 263, 263, 276, 7866, 731, 1810, 26, 1974, 1974, 2177, 2007, 2007, 24, 340, 199, 70, 248, 24, 24, 662, 6765, 378, 19, 696, 18947, 19, 538, 1878, 9, 194, 1449, 3154, 1077, 1043, 296, 1075, 1067, 70, 70, 9806, 205, 1527, 4320, 12239]
---------30-(22, 22)------------
[40, 19, 19, 14961, 40, 10915, 1350, 146, 40, 2935, 538, 2296, 1067, 98, 1554, 301, 2281, 263, 19, 538, 265, 19, 19, 18947, 57, 70, 683, 75, 316, 76, 1977, 4802, 248, 740, 10915, 292, 1067, 24, 57, 87, 87, 286, 4149, 665, 19, 74, 70, 24, 284, 1261]
[146, 19, 9, 14961, 115, 10915, 1350, 146, 10915, 735, 1028, 2296, 1067, 2865, 1554, 301, 2281, 263, 19, 538, 265, 19, 19, 18947, 3107, 70, 115, 2412, 316, 316, 1330, 4802, 324, 740, 10915, 292, 1067, 75, 57, 387, 15, 7366, 286, 11466, 9677, 248, 70, 24, 284, 340]
---------30-(23, 23)------------
[299, 18590, 1067, 40, 19, 538, 300, 115, 115, 19, 260, 19, 16379, 19, 655, 9, 75, 265, 57, 56, 19, 19, 6235, 43, 43, 24, 19, 868, 868, 2007, 2082, 9, 19, 270, 1018, 19, 19, 483, 347, 18947, 115, 115, 10915, 988, 1439, 1939, 5948, 15, 40, 115]
[299, 18590, 10915, 4101, 19, 75, 300, 115, 10915, 14185, 260, 1028, 16379, 19, 655, 320, 75, 538, 57, 202, 262, 19, 6235, 43, 43, 24, 9397, 483, 868, 2007, 2082, 1008, 19, 270, 1018, 305, 19, 483, 347, 18947, 10915, 10915, 10915, 950, 1439, 1939, 5948, 490, 24, 115]
---------30-(24, 24)------------
[1181, 483, 40, 33, 9, 9, 301, 9, 9, 19, 19, 19, 19, 19, 9, 301, 43, 43, 43, 698, 1058, 9, 102, 4306, 4063, 12, 10915, 368, 19, 19, 317, 1410, 19, 19, 9, 9, 538, 19, 19, 41, 43, 18947, 3174, 32, 33, 43, 70, 40, 70, 115]
[1181, 1181, 1977, 24, 1063, 1344, 1344, 538, 9, 270, 696, 19, 4147, 260, 9, 19, 698, 301, 1058, 698, 1058, 373, 17, 4306, 4063, 12, 10915, 4522, 756, 317, 317, 1410, 19, 299, 9, 75, 19, 19, 19, 41, 3224, 18947, 7779, 32, 248, 18597, 70, 40, 70, 115]
---------30-(25, 25)------------
[33, 12, 948, 105, 2259, 152, 10735, 392, 299, 9, 538, 19, 19, 19, 538, 263, 21, 75, 1068, 1068, 538, 4915, 2007, 4063, 371, 756, 3476, 24, 340, 24, 108, 43, 40, 292, 292, 3776, 1231, 43, 2007, 70, 7517, 104, 40, 24, 1407, 19, 2246, 1018, 248, 209]
[22941, 74, 74, 4994, 2259, 152, 10735, 988, 299, 9, 19, 19, 262, 19, 306, 263, 21, 1067, 1068, 1068, 1075, 4915, 6033, 4063, 371, 756, 3476, 24, 340, 24, 108, 43, 10880, 292, 3776, 3776, 1231, 3776, 74, 70, 7517, 3087, 104, 2082, 1407, 6818, 2246, 12262, 248, 4743]
---------30-(26, 26)------------
[1067, 2314, 538, 538, 19, 404, 19, 1977, 33, 40, 32, 10880, 296, 40, 43, 8389, 538, 262, 9, 652, 320, 9, 19, 538, 19, 2958, 75, 317, 18947, 538, 263, 75, 1977, 32, 23, 1449, 1396, 5226, 2376, 23, 57, 24, 57, 137, 32, 349, 43, 43, 43, 43]
[1067, 2314, 538, 538, 19, 404, 19, 3939, 33, 40, 32, 4394, 43, 40, 43, 8389, 302, 262, 203, 652, 320, 9, 299, 694, 19, 2958, 75, 317, 317, 1718, 5592, 75, 75, 100, 23, 1449, 1396, 5226, 2376, 23, 57, 24, 57, 6122, 10880, 70, 43, 43, 43, 43]
---------30-(27, 27)------------
[301, 21, 18947, 19, 706, 302, 263, 115, 1067, 43, 43, 371, 5497, 870, 1519, 1519, 19, 75, 19, 577, 538, 19, 672, 2065, 641, 169, 3, 3, 3, 194, 40, 228, 166, 43, 530, 26, 1134, 1836, 292, 4614, 75, 9, 538, 19, 40, 32, 13349, 19, 299, 19]
[269, 21, 263, 19, 706, 302, 1410, 10915, 1075, 40, 43, 371, 5497, 877, 4, 11319, 260, 75, 19, 577, 538, 19, 672, 2065, 641, 1617, 6810, 22551, 548, 7300, 292, 228, 166, 115, 530, 2412, 1134, 4779, 4326, 4614, 532, 9, 538, 19, 40, 15, 13349, 19, 299, 706]
---------30-(28, 28)------------
[1977, 33, 33, 41, 43, 865, 24, 200, 24, 1075, 75, 75, 35, 31, 115, 75, 470, 532, 19, 538, 302, 266, 75, 19, 1010, 1664, 75, 9, 19, 21, 263, 75, 19, 538, 19, 538, 239, 15244, 40, 19, 260, 299, 19, 18947, 9, 680, 2007, 40, 40, 18947]
[1977, 115, 2809, 41, 166, 1062, 24, 1067, 24, 1075, 1275, 844, 35, 31, 115, 115, 470, 532, 19, 75, 75, 266, 1067, 265, 1010, 1664, 1342, 75, 19, 317, 192, 75, 19, 133, 299, 302, 18947, 15244, 10970, 19, 19, 299, 1066, 75, 75, 1684, 941, 40, 4326, 18947]
---------30-(29, 29)------------
[490, 149, 3, 37, 538, 18947, 263, 75, 19, 9, 19, 19, 266, 19, 200, 200, 57, 57, 200, 200, 1315, 43, 166, 43, 2548, 33, 4988, 41, 1592, 10870, 19, 43, 41, 10, 24, 24, 24, 42, 530, 1951, 1063, 18947, 260, 19, 9, 1063, 18947, 538, 9, 133]
[490, 149, 3, 146, 656, 18947, 26, 75, 2092, 4340, 19, 19, 266, 19, 446, 3410, 57, 200, 200, 57, 1315, 43, 2850, 43, 2548, 2850, 4988, 43, 33, 7481, 696, 41, 41, 1075, 24, 24, 1075, 42, 530, 15768, 1063, 18947, 75, 19, 75, 1063, 18947, 302, 133, 133]
---------30-(30, 30)------------
[6471, 538, 21, 75, 299, 19, 538, 19, 19, 9, 18, 1018, 19, 19, 1018, 18947, 410, 5540, 115, 115, 166, 10915, 10915, 8221, 302, 21, 9, 75, 75, 9, 50, 32, 32, 538, 19, 19, 9, 19, 18947, 18947, 1664, 19, 19, 538, 9, 1025, 19, 1018, 19, 18947]
[10875, 133, 21, 694, 299, 260, 538, 19, 19, 9, 18, 1018, 1008, 1018, 1018, 18947, 410, 5540, 115, 115, 166, 10915, 10915, 8221, 302, 21, 266, 1718, 75, 75, 50, 32, 395, 9, 19, 19, 694, 538, 18947, 18947, 1664, 19, 19, 1352, 9, 1025, 299, 1018, 1018, 18947]
---------30-(31, 31)------------
[18856, 19, 19, 19, 1424, 75, 75, 270, 19, 1067, 263, 538, 538, 538, 538, 19, 1352, 1063, 1075, 3, 10968, 1075, 3, 1977, 10, 1075, 15, 1977, 33, 40, 32, 98, 0, 260, 9, 263, 19, 9, 317, 19, 19, 11236, 19, 1075, 40, 8702, 41, 26, 2989, 313]
[18856, 19, 19, 19, 1424, 75, 270, 270, 21, 1067, 263, 9455, 538, 133, 1664, 299, 1352, 1063, 11292, 263, 10968, 1197, 263, 263, 10, 1075, 33, 1977, 33, 40, 32, 98, 0, 260, 19, 655, 15340, 15340, 317, 19, 19, 11236, 696, 1075, 595, 41, 41, 1683, 595, 3172]
---------30-(32, 32)------------
[263, 40, 31, 31, 1884, 169, 26, 75, 43, 263, 538, 75, 192, 19, 192, 538, 19, 538, 19, 1075, 263, 1067, 263, 24, 1191, 538, 19, 21, 19, 19, 7240, 9, 429, 18947, 18947, 51, 3, 4819, 40, 24, 4101, 5509, 7590, 18947, 102, 102, 24, 518, 19, 9]
[7606, 40, 31, 31, 1884, 169, 169, 42, 43, 263, 192, 75, 192, 192, 192, 263, 302, 538, 19, 1075, 263, 1067, 263, 24, 1191, 2279, 299, 21, 302, 7240, 7240, 9, 429, 21, 21, 51, 10051, 3, 5509, 10409, 4101, 5509, 7590, 18947, 102, 102, 518, 518, 1510, 1020]
---------30-(33, 33)------------
[8262, 538, 19, 75, 18947, 19, 102, 260, 19, 19, 19, 19, 19, 43, 24, 26, 43, 166, 32, 18947, 697, 19, 65, 988, 62, 65, 67, 988, 40, 3834, 32, 18947, 18947, 595, 19, 19, 35, 39, 19, 263, 75, 26, 24, 24, 169, 3, 754, 43, 248, 2350]
[8262, 75, 19, 75, 9, 255, 19, 260, 19, 696, 21, 19, 19, 13535, 43, 7083, 43, 730, 368, 18947, 697, 697, 988, 988, 62, 65, 67, 988, 988, 3834, 32, 359, 18947, 595, 19, 299, 19, 39, 299, 4766, 75, 6333, 43, 2405, 169, 6333, 754, 4410, 5448, 754]